0	0.08780814048990901
1	-0.048209127770419344
2	0.06240189650168197
3	0.01614285124604542
4	0.033919763571521204
5	0.10561621120042597
6	0.09807296514794744
7	0.05921412756254927
8	0.13687466025100586
9	0.032997806692388734
10	0.1320167898488186
11	0.09623660704525912
12	0.12406004291212504
13	0.08686615204515682
14	0.09527466343316504
15	0.138452795792049
16	0.06763326285813219
17	0.29395590875469646
18	0.16804532238839232
19	0.15304107509835788
20	0.2673938377671905
21	0.20982736607910848
22	0.21401055011642967
23	0.21591887026646234
24	0.2538784834563581
25	0.18314538103044115
26	0.3105373670232989
27	0.25947295745822185
28	0.3397211373911889
29	0.2655314736781058
30	0.275935417314523
31	0.1989105708525413
32	0.2354307582234876
33	0.33934616292538594
34	0.3607605896252873
35	0.31946123707303115
36	0.393417280886661
37	0.35364282751336706
38	0.2988832109823018
39	0.3916601466119022
40	0.3852359423417566
41	0.3608204595249961
42	0.38039316469973344
43	0.34300066975496335
44	0.4191883230869184
45	0.40148957204253205
46	0.4409604224333542
47	0.38352668499672415
48	0.4348407695111627
49	0.48172646495654425
50	0.5560717836057321
51	0.6258998903881395
52	0.48010719640508526
53	0.5274967379311383
54	0.5171912744279685
55	0.5724498127976483
56	0.5663438301923854
57	0.43689153960346894
58	0.5583089181597712
59	0.61339548434414
60	0.60260281081179
61	0.5655397792746797
62	0.5938662817672974
63	0.5808665515906856
64	0.6290807273289458
65	0.6536277348151528
66	0.6346559937742438
67	0.6497200766434621
68	0.6926177597535828
69	0.6482336594099262
70	0.6663420599589768
71	0.6935230172948694
72	0.566325224376345
73	0.7381782489353998
74	0.6306473129261545
75	0.6440232056814389
76	0.6308342465306256
77	0.7344217011135997
78	0.6800078122706658
79	0.7363612225443973
80	0.7745430088459428
81	0.6544453951324853
82	0.6975000164599565
83	0.7611026595767525
84	0.7569438288477895
85	0.8282279665958283
86	0.7457313127688271
87	0.7160319551983264
88	0.7795302655134931
89	0.8456598964727247
90	0.7499388260934278
91	0.7876337428201412
92	0.7530191790625769
93	0.8742666901867737
94	0.6946915407642138
95	0.8067712166131905
96	0.8306736223705481
97	0.8082540530554466
98	0.7578719112884837
99	0.9023904713081559
100	0.7904556425153816
101	0.8809871573354326
102	0.81711516022943
103	0.8090805812973813
104	0.8662423737794881
105	0.8317334332008115
106	0.9261929797975785
107	0.8908792499751743
108	0.9289544108419566
109	0.8882446496052382
110	0.9323565986357166
111	0.7860214404809356
112	0.8825231579779439
113	0.8476799773112794
114	0.8611519236626122
115	0.994823175409359
116	0.8416598408907963
117	0.8610233893350063
118	1.0468439338659001
119	0.9068453061373903
120	0.9524438606063138
121	0.8967166760919483
122	0.9296189164820815
123	0.995083460866829
124	0.9183040841874395
125	0.9402335863471233
126	0.9232295031816147
127	0.9908396856816138
128	1.0372726190366108
129	0.9228755160071331
130	1.003286142390697
131	0.927650972825603
132	0.8109658227149623
133	0.9117948042977392
134	0.9162804720329951
135	1.0500474841788678
136	1.1270872503542766
137	0.9556389964584368
138	0.9607330401335183
139	0.8940649813130351
140	0.8758504060447301
141	0.9237003739200011
142	0.9475633089004897
143	0.9663271674738467
144	1.0264223874687899
145	1.0084096271785952
146	1.094026714794797
147	0.8825685200817286
148	0.9553167794075833
149	0.950763876493235
150	1.029998938866654
151	1.1161253779320335
152	0.9800581435645807
153	0.9971201774593206
154	0.9811451083882422
155	1.079478395137928
156	0.9779495665874641
157	1.0347309588723017
158	1.0075081554618475
159	1.0500934935146815
160	1.029387918078353
161	0.9524465655921832
162	1.006525267000352
163	0.9394518550409807
164	0.9957002693834479
165	1.0143058196705876
166	1.0089125303421624
167	0.976890315749472
168	0.9732670198319163
169	0.9981539761180421
170	0.946196457257178
171	1.0250672547581288
172	1.010921355922745
173	0.938387241673705
174	1.0287929926268546
175	1.0483368245272067
176	0.8928363399143988
177	0.8715650306406224
178	0.9718446057039363
179	0.869514560201847
180	0.9656508488468627
181	0.9086423542242994
182	0.9603997988975206
183	0.9829869335427126
184	0.9452353784979287
185	0.8993120852739314
186	0.9234429984594205
187	1.0341538107678674
188	0.9906519310205634
189	0.9473688618078375
190	0.9647179573205448
191	0.9595239602359807
192	0.9543539104374167
193	0.9034044878240477
194	0.8581936227871023
195	0.8152474809900648
196	0.9694275726100632
197	0.8937390216995862
198	0.8948535361800328
199	1.037852192248573
200	0.9852143330863677
201	1.0199071002811337
202	0.9597168092642742
203	0.8045760800699212
204	0.8004083061898762
205	0.8156590369899014
206	0.8907079845278368
207	0.9219733568013154
208	0.9151749676121403
209	0.7786221030828517
210	0.7875728196725938
211	0.8861756236606471
212	0.8681448284059151
213	0.8389936258315517
214	0.8259491755022795
215	0.8664062635073856
216	0.8288422947858167
217	0.7997950217772243
218	0.7862803067708451
219	0.7825149078662651
220	0.7946082793980004
221	0.854607007412101
222	0.7500851189354841
223	0.743725132159468
224	0.7504076797126975
225	0.7660926126995797
226	0.7964007813894194
227	0.818370907443339
228	0.8124210936405221
229	0.6795590364876816
230	0.6939236571741263
231	0.8217043137177388
232	0.7435011463767469
233	0.7294621350960478
234	0.7760733838108388
235	0.7987867074123318
236	0.687428340912223
237	0.7330608324842796
238	0.6840842473107435
239	0.7662905002535993
240	0.6940260442669318
241	0.7262005319013625
242	0.7163526415649565
243	0.6273342331828266
244	0.6172686187468633
245	0.6304778676392371
246	0.6220707080665804
247	0.6456904760731063
248	0.5783637974023154
249	0.5938324948824906
250	0.5280352777289146
251	0.5911709114251658
252	0.5997708103561752
253	0.5788448998824404
254	0.5964035355666462
255	0.5596146783814886
256	0.5899299487716324
257	0.5886757956573625
258	0.545326307181434
259	0.5082688680940688
260	0.5449418600079426
261	0.48565457965093456
262	0.5553770345436502
263	0.5384676607946695
264	0.45284202854711547
265	0.44871707317083004
266	0.49081552235001125
267	0.538190261602546
268	0.5007491073032703
269	0.40253173647311535
270	0.38688857413360017
271	0.414425420696789
272	0.33478323211479033
273	0.32880819618692364
274	0.29791667351667356
275	0.3185628537464388
276	0.4099635293924465
277	0.26222099562645884
278	0.3785507238173826
279	0.31113700101623215
280	0.2942621706665435
281	0.32221724323207906
282	0.2926122557883399
283	0.2920163458020215
284	0.2566019512790529
285	0.23866163245295643
286	0.20884656894292608
287	0.22337446241904896
288	0.2036488537512555
289	0.2556576440831055
290	0.23860171885723283
291	0.2555761325788257
292	0.22903026572778443
293	0.2020186060095817
294	0.30056523827290704
295	0.23489611802651864
296	0.11095734481025381
297	0.14346008194416926
298	0.10697501479488544
299	0.19813627947927834
300	0.1928036313638415
301	0.0708086755715027
302	0.11262804785693593
303	0.1843480566292442
304	0.09031025875909898
305	0.07653211082812356
306	0.045677406761212846
307	0.007714541327853319
308	0.07182569590998826
309	0.14914489562261024
310	0.04886164664715589
311	0.0015721907734221052
312	0.09302532431851976
313	-0.02943235049177175
314	0.04722551700982197
315	0.09704743264204796
316	-0.07633183308888639
317	-0.09395129687163555
318	-0.05425989630533458
319	-0.025006255407254877
320	-0.11345504697405663
321	-0.11899819500737344
322	-0.04816112747505298
323	-0.004046899381353886
324	-0.08453232430518273
325	-0.16482084305078232
326	-0.09626059499145402
327	-0.09015915315203255
328	-0.2045263995465197
329	-0.17746233507761966
330	-0.19148101380574625
331	-0.19134223210747064
332	-0.12473300930094317
333	-0.0981410199995511
334	-0.12765427167979326
335	-0.18350763949730814
336	-0.242609423899445
337	-0.16067271599815525
338	-0.2090735143645061
339	-0.21199262039653327
340	-0.25320194505382676
341	-0.25997552509025706
342	-0.2860040280936464
343	-0.28144823418559634
344	-0.27753896518012144
345	-0.34195596745965284
346	-0.3329929732985453
347	-0.2871363247324962
348	-0.32258066455454515
349	-0.4248401965041498
350	-0.31970793159374145
351	-0.30460366101826786
352	-0.3551362706652186
353	-0.4985889950574852
354	-0.3799670275609514
355	-0.4594593964913683
356	-0.40169008773772125
357	-0.3943231367983811
358	-0.40327487561712916
359	-0.3570940230590069
360	-0.3980529847021548
361	-0.5105679015433388
362	-0.4269702864653644
363	-0.37771187215652896
364	-0.3919659724400823
365	-0.4964739998388263
366	-0.4649028357567942
367	-0.502220667024651
368	-0.5360185994636327
369	-0.42981572294730497
370	-0.5667377750662296
371	-0.451269909691913
372	-0.5156281167714659
373	-0.5700402654971389
374	-0.5639814143051107
375	-0.6005802393589617
376	-0.5976640803828134
377	-0.551892982309697
378	-0.576234801359348
379	-0.5675131982114268
380	-0.555802877291113
381	-0.6009466162654422
382	-0.6353542002682002
383	-0.641848861548333
384	-0.5741130129263436
385	-0.6431693027981044
386	-0.594423987032273
387	-0.625592578369295
388	-0.6184844450397367
389	-0.650691487002701
390	-0.6087765699125098
391	-0.7061107823969868
392	-0.6730969521490058
393	-0.6867665918352113
394	-0.7598571715364372
395	-0.6609408910128801
396	-0.682657001241036
397	-0.7128627423980856
398	-0.7527553588739029
399	-0.7558570606116867
400	-0.7257068510433958
401	-0.72920480278706
402	-0.7545791771614444
403	-0.910473669212774
404	-0.7908403522036309
405	-0.8220202009130239
406	-0.775015575269693
407	-0.8021349014856514
408	-0.7606386883593246
409	-0.764933641726193
410	-0.8832363183535438
411	-0.8593619047488669
412	-0.7877803897263633
413	-0.8590583650194975
414	-0.8543296513564954
415	-0.7965901527376178
416	-0.8845513038312351
417	-0.7706587457484603
418	-0.87654763927239
419	-0.8603476370762018
420	-0.8739203206670436
421	-0.8935088433471461
422	-0.8014577106755406
423	-0.909323123859285
424	-0.8648588640370689
425	-0.8068508315486
426	-0.9097925571080148
427	-0.8775375081113582
428	-0.9073529121201033
429	-0.822697625662452
430	-0.84146506378022
431	-0.950609554327313
432	-0.8400380701374794
433	-0.9458265755046629
434	-0.8765910177837821
435	-0.8760808672291336
436	-0.9028735391039987
437	-0.9777687677891636
438	-0.8292359018772976
439	-0.9002511056485496
440	-0.9673959166121486
441	-0.9779211604075668
442	-1.0154364007153986
443	-0.9547652588839688
444	-1.0046589984825767
445	-1.044661440747685
446	-0.8793199059021869
447	-0.9656689085366714
448	-0.9399270478821099
449	-1.009143956793302
450	-0.9783241190740436
451	-1.023807386322779
452	-1.040788421626799
453	-0.92463392949688
454	-0.9537029053297698
455	-0.936357270413388
456	-0.9335403996379616
457	-0.9392259099934741
458	-0.9573418905076597
459	-0.9618721711432245
460	-0.9825823886542466
461	-1.0864169476769916
462	-1.0873659442824486
463	-1.0842095959202351
464	-0.9864310492613634
465	-1.0042537751700382
466	-1.0556204643652285
467	-1.0065302658202424
468	-1.0374798098358098
469	-0.9751679666703245
470	-0.9542834442811019
471	-1.023531628312609
472	-1.025784144570334
473	-0.9557802220893946
474	-0.9128471913332434
475	-0.9551868190406051
476	-1.0370310408291694
477	-0.9101146681483853
478	-1.0077976012580996
479	-1.0715044611128473
480	-1.0619241476516155
481	-1.0321982940487047
482	-1.0320896479916488
483	-1.000960709052832
484	-0.9506573267366115
485	-0.9566652220872991
486	-1.0147213800027886
487	-0.9635470109805678
488	-1.0087254214940231
489	-1.0520356936709647
490	-0.9755395881872243
491	-0.9755044303124744
492	-0.9869679897891978
493	-0.9508048294601883
494	-0.9938260534178103
495	-0.9162634291606655
496	-1.0023721250834545
497	-0.9956635047606902
498	-1.0137646209346964
499	-1.0070693479961055
500	-0.958769773533588
501	-0.9337305470838055
502	-0.9014900352723418
503	-1.0027964493159642
504	-0.9383913309904489
505	-0.9677703853944312
506	-0.9897000381558096
507	-0.8974696324368129
508	-0.8805751252158563
509	-0.9172924510939773
510	-0.9356980175294451
511	-0.8950688349979975
512	-0.955650869892855
513	-0.9387282921238869
514	-1.0443093098204224
515	-0.8882531127980232
516	-0.9428977044661941
517	-0.9058117971545623
518	-0.7959273561345304
519	-0.8149885965481376
520	-0.9034187030981694
521	-0.8983683056656612
522	-0.8569869627571075
523	-0.878322338522663
524	-0.8002745240908571
525	-0.7912808894613751
526	-0.8296950302247217
527	-0.9029291968608952
528	-0.8560628794488983
529	-0.863186247683741
530	-0.8444879263966631
531	-0.7927404395224598
532	-0.8399895055141652
533	-0.8781746205581391
534	-0.785200728827712
535	-0.7822115233106506
536	-0.8367610227761533
537	-0.8796547770789068
538	-0.740628145273905
539	-0.7409267135599319
540	-0.6834835015666959
541	-0.7393438031497798
542	-0.7451114971714854
543	-0.7897083602885
544	-0.8037970523118652
545	-0.7278699143561997
546	-0.7917210768843852
547	-0.7229964627968946
548	-0.7591810669696021
549	-0.7585637425852569
550	-0.7118259941838905
551	-0.7423781368495871
552	-0.6444080051840002
553	-0.6853820535812917
554	-0.6723752884739137
555	-0.6267626967551239
556	-0.7389028008928284
557	-0.613480047480474
558	-0.6449699248360343
559	-0.6757875062073966
560	-0.6580391921009816
561	-0.49980724295277174
562	-0.5922770362099156
563	-0.5659317310320461
564	-0.53452077474425
565	-0.5976406188193034
566	-0.5767716603705055
567	-0.5600823297307369
568	-0.49289656004324967
569	-0.5261492424374887
570	-0.5603630559364193
571	-0.5682415955153614
572	-0.6100189614400364
573	-0.5099953444922194
574	-0.5936923197284046
575	-0.44892248625902836
576	-0.44386279169987386
577	-0.48158149762314595
578	-0.44942036922456857
579	-0.4562921922907211
580	-0.4195153494140442
581	-0.4281630363637916
582	-0.5031840201382233
583	-0.5533362453108408
584	-0.41758306444842536
585	-0.32115329957557764
586	-0.43780428027706986
587	-0.5073951427503198
588	-0.4310905807941226
589	-0.3291216214550393
590	-0.4382504692253359
591	-0.3963627058131641
592	-0.4102225529690564
593	-0.3612323653654439
594	-0.3771861421850785
595	-0.3041129074576912
596	-0.3943325327241946
597	-0.2949541064547383
598	-0.3529811180604304
599	-0.26208763468490665
600	-0.18829087733096833
601	-0.24330301730500425
602	-0.35003998323112706
603	-0.3399879271285554
604	-0.2954679025998956
605	-0.31027467261856123
606	-0.19657799348770422
607	-0.23476807849526468
608	-0.22264674179437266
609	-0.21302707864839632
610	-0.24562360206909406
611	-0.2650615636657381
612	-0.189696932887921
613	-0.12946481473088803
614	-0.11266334111614097
615	-0.06923668237115925
616	-0.2372327828863417
617	-0.12597778959529604
618	-0.2021757130369353
619	-0.09497461099594143
620	-0.02767764073589439
621	-0.11454843710789492
622	-0.05726350144238533
623	-0.04086598419431322
624	-0.05010128929064
625	0.0019486439963930999
626	-0.09050174359181623
627	0.029356477212613807
628	-0.03955328326760842
629	0.07887234814300373
630	0.06126594456502306
631	0.060685730630889126
632	0.08124822186598231
633	0.10394281968964772
634	0.061280368208807584
635	-0.01413017429170231
636	0.18481119388817796
637	0.10798141403586613
638	0.004961426041761571
639	0.21761218375522295
640	0.19561345932855725
641	0.11653577160514694
642	0.10071474583246745
643	0.17953825283172578
644	0.1232451644035091
645	0.19908992984135354
646	0.23809643860560695
647	0.12617141409707794
648	0.14301086615966668
649	0.16582458561492963
650	0.19282667774012477
651	0.3567947574472962
652	0.24059636719279254
653	0.339851877880733
654	0.3015686771193519
655	0.2195746628335537
656	0.18024388876723552
657	0.2782471591281744
658	0.2352564501693664
659	0.3104526312704255
660	0.31102861082186634
661	0.3762070648741551
662	0.39368334867180144
663	0.29798749138631736
664	0.38925075643607354
665	0.391522253946728
666	0.4243740172737933
667	0.3854919036172181
668	0.3997653587564498
669	0.49892646054755957
670	0.34093308838093633
671	0.4731853953918848
672	0.4532124499011193
673	0.43284739814707834
674	0.4568178310099146
675	0.365776732493572
676	0.425575936247357
677	0.42603858666522604
678	0.497090722209288
679	0.44377763880314325
680	0.4811946518790028
681	0.40445477935701607
682	0.5368371375727328
683	0.4325955806653814
684	0.5520503986052552
685	0.5383429055598796
686	0.5338365599945324
687	0.5381776703656249
688	0.6301376432407522
689	0.4798697360233171
690	0.5959344297643636
691	0.6720593028576551
692	0.5848352044259989
693	0.5951206998047954
694	0.5728130590133061
695	0.7250757863435494
696	0.6543689281913299
697	0.6223824839014783
698	0.6043310136745497
699	0.676748172471494
700	0.6479432979007198
701	0.6360114860296998
702	0.6876495354158869
703	0.6021642365633271
704	0.6547780352084145
705	0.6842214519625404
706	0.7547332630469548
707	0.7081390714097021
708	0.6503986227652955
709	0.7589755902971397
710	0.7031748249324604
711	0.7052454018941959
712	0.5945325204437504
713	0.7426036964146674
714	0.6743382865675965
715	0.800272729279741
716	0.8142079648501084
717	0.706975134368619
718	0.8348193680611197
719	0.7426297892959935
720	0.7447090323451356
721	0.7348941863069937
722	0.7551941251937652
723	0.823485158732603
724	0.7345971559999434
725	0.8884026662944522
726	0.8016299926550259
727	0.7875442792281359
728	0.8247495777934709
729	0.8616841276417538
730	0.7970090078963112
731	0.8729166578704187
732	0.8885037033673988
733	0.8819768722886371
734	0.830014354713071
735	0.8952222687577374
736	0.8868042305890353
737	0.7341327093831989
738	0.8275459518145887
739	0.9286588007770276
740	0.8453797425898036
741	0.9670530876774488
742	1.026876354728592
743	0.948992520105507
744	0.8762396209410835
745	0.9350174282885289
746	0.9072034389237588
747	0.9806430750202179
748	0.9787508705373572
749	0.9042312144029198
750	0.8971576489902351
751	0.913471466931297
752	0.9241734041490716
753	0.8507613408537352
754	0.9978880564345637
755	0.9785707598186446
756	0.9612274461433923
757	0.9431660509463025
758	0.9025797174458677
759	0.9376793217472452
760	0.8823250077321186
761	0.9335221965712601
762	0.9497651847626969
763	1.0027316490149578
764	0.8028636545408195
765	0.9663698618855789
766	0.9508060763488522
767	0.9377323135447055
768	0.9716540133097744
769	0.9878699359790319
770	0.9226119145701009
771	0.9639874285379497
772	0.975880227745632
773	0.9603831090679082
774	1.1197595800622793
775	0.9594234316803635
776	1.0022751345067447
777	0.9775548667308193
778	1.0422300338105825
779	1.0827533551145936
780	1.1480964918099479
781	0.9826717561420308
782	0.9615419128881051
783	1.0123605919755696
784	0.9182900884823204
785	0.9585468163353499
786	1.0254660464434617
787	1.048933116903002
788	1.0637598120549023
789	0.9648501068722695
790	0.9603126503331245
791	1.0229436068701374
792	1.039795661923666
793	0.9735440906591288
794	1.1108235790221854
795	1.0441082076355932
796	1.0737909054523076
797	1.0677909299255146
798	0.9230315410870548
799	0.930893489965309
800	1.0133399785114605
801	0.9312075086227632
802	0.9384100497179126
803	1.0687456517386194
804	0.8901520383127671
805	0.9169589188299295
806	0.9507189323138339
807	0.9700890244185363
808	0.9361035913677097
809	0.9442169953401487
810	1.0721570084760013
811	0.9561299526916496
812	0.9404174858985639
813	0.9903609913057506
814	0.9291526628818156
815	0.9594733013299322
816	0.8470401176650066
817	0.9064979564141139
818	0.9414205233615053
819	1.0374941283910193
820	0.9695162139550489
821	1.009942059400487
822	0.9768444580345719
823	0.9039080247527198
824	0.8646723347470574
825	0.8732661384699447
826	0.9190589463841332
827	0.8814370404146186
828	0.8967936274640909
829	0.9222047634626269
830	0.8595657341702355
831	0.8503080605552316
832	0.8577705447419156
833	0.8659859775782894
834	0.8425849754850397
835	0.869296778509683
836	0.9340982838892216
837	0.8407300926388099
838	0.872288019644118
839	0.8182997599725412
840	0.8334432209845478
841	0.8611014049991281
842	0.8492713204457508
843	0.8614326238496736
844	0.8467009267140841
845	0.7942366380748969
846	0.8105170173192939
847	0.7323526268336784
848	0.7523085122433046
849	0.7315185112264322
850	0.820565746366013
851	0.8527592980167044
852	0.8446221049787709
853	0.7312368368034541
854	0.749213143345604
855	0.8281914652913769
856	0.7891819799289002
857	0.7074790104417199
858	0.7333997943372799
859	0.7459264859596065
860	0.7130590028185803
861	0.711016252639984
862	0.7147194074060039
863	0.66309273497409
864	0.6369152331938994
865	0.6819978166197042
866	0.7014416270255863
867	0.6735733097863369
868	0.6651760502046429
869	0.6232337940588855
870	0.7540990687997962
871	0.7109688523118092
872	0.5190892376773627
873	0.6073268285728094
874	0.6112863778312451
875	0.640261361201101
876	0.5470769838095142
877	0.5769130325621064
878	0.6489288676722789
879	0.6074111804729968
880	0.5557085936361335
881	0.5304361007581019
882	0.5258842614252031
883	0.6523281258828415
884	0.5004203651302832
885	0.515716403003608
886	0.5229421213864991
887	0.5131176374854918
888	0.5787787036028194
889	0.4191380217801263
890	0.5063129636019709
891	0.47051653281978384
892	0.47228083591125336
893	0.4506460653129222
894	0.4653242595218111
895	0.4162585682380023
896	0.49368214066860155
897	0.5333599467146473
898	0.4692148481843718
899	0.4655156331930455
900	0.4078732055739491
901	0.4429034640333477
902	0.41659392003783713
903	0.35055986893879154
904	0.4138930469137328
905	0.40180690595531277
906	0.3681981348518052
907	0.3456591760574373
908	0.27309121393450597
909	0.35495082905820935
910	0.29959743044131143
911	0.2847575380036544
912	0.29240484051601473
913	0.30870298386055595
914	0.28694438042319365
915	0.20201101071611366
916	0.28235521039099176
917	0.20648558194829725
918	0.3176664336913073
919	0.1983892495643505
920	0.16754073549449588
921	0.2974035166427016
922	0.24369706798127877
923	0.2589270166749369
924	0.20374392734725708
925	0.09828578984223865
926	0.17145427343533445
927	0.13816316973230455
928	0.06122049017075491
929	0.1012595943650062
930	0.09666537469342257
931	0.15346707715292582
932	0.00135027530829325
933	0.07671804131359149
934	0.1650594522597409
935	0.05350486601299158
936	-0.01840498546533792
937	0.12448848087379052
938	0.05150419159956372
939	0.09815186890672489
940	0.046859026813004356
941	0.014219333988770585
942	0.022116230077708965
943	-0.03404196066036476
944	-0.0473055625179152
945	-0.06616989228461873
946	-0.028409116868770762
947	-0.0638718017798075
948	-0.0151493406494679
949	-0.10411034024255911
950	0.028151763392874757
951	-0.061461777590255603
952	-0.1494055042303129
953	-0.10403302068239739
954	-0.1893146329821449
955	-0.16301262517913956
956	-0.13735401547149886
957	-0.117545081229802
958	-0.091075107142255
959	-0.23381379001112407
960	-0.1837343108912879
961	-0.1890441381741815
962	-0.13142433477039062
963	-0.20324179263371278
964	-0.18948170273835066
965	-0.2313540015776815
966	-0.2303593853246577
967	-0.2936981039748731
968	-0.22895879554094756
969	-0.17107055864776294
970	-0.24829364887040678
971	-0.29667057691959414
972	-0.2734737560499337
973	-0.30759749474898074
974	-0.39863716188535253
975	-0.3181779221221002
976	-0.292983739775114
977	-0.2932448385081643
978	-0.26731561699725653
979	-0.40121797350928284
980	-0.3139506171226358
981	-0.3786970564558482
982	-0.42575354148259004
983	-0.39811940084489916
984	-0.48434229421182023
985	-0.4492821797529865
986	-0.4211254718599807
987	-0.46762371682545834
988	-0.5138853499599907
989	-0.40337928681681473
990	-0.49067535286584685
991	-0.49396010386854877
992	-0.4724525605055798
993	-0.4639467766174707
994	-0.5130628201499589
995	-0.4817218214453181
996	-0.5236136080458944
997	-0.4647665182330981
998	-0.47501443784262565
999	-0.508534991088663
