0	-0.016348931337773025
1	0.09776375610147629
2	-0.0010967799697089234
3	0.10775691983248856
4	0.08402390243521687
5	0.05661268890509734
6	0.08298260861973761
7	0.020671262977559737
8	0.07227863487750154
9	0.12694955072216668
10	0.13239586248150167
11	0.07599637736975284
12	0.10688184312040895
13	0.05550090400500582
14	0.12865109824470577
15	0.10789017504562973
16	0.12391101515326654
17	0.0873229188110794
18	0.21883643359896476
19	0.13608537552569297
20	0.16575341904734786
21	0.1612312422274575
22	0.1274581992405785
23	0.25837564600919627
24	0.12602958420295485
25	0.2795978717018796
26	0.2662163558303473
27	0.2552391094948631
28	0.23102361604321126
29	0.24376301477486165
30	0.33799081616459953
31	0.34188169938753993
32	0.3048221854045811
33	0.36904590266448545
34	0.31377787344943153
35	0.4001406619479586
36	0.4194869170631667
37	0.32003287373749517
38	0.3663703287990073
39	0.38336845701778705
40	0.35113890389172114
41	0.3992793502759695
42	0.35175874857308054
43	0.41857875952319257
44	0.33991850118015243
45	0.37356632213922036
46	0.4168925048737668
47	0.5133985556938941
48	0.43337874621281236
49	0.42844686852079633
50	0.44620621859943904
51	0.4877267302183171
52	0.4916910709588855
53	0.4759752565821323
54	0.6469615022522782
55	0.5055151477796715
56	0.561910521863228
57	0.5345483570724527
58	0.5759035973788621
59	0.5878888197812927
60	0.579536676848552
61	0.577407309643789
62	0.47895323997844425
63	0.547780623381522
64	0.5717194363667288
65	0.6172830242751016
66	0.5834666859491663
67	0.5763321394545027
68	0.6148429366948697
69	0.7109772316611804
70	0.638084946997333
71	0.6854145067484166
72	0.6097992904347366
73	0.6141615188075248
74	0.6674641412356576
75	0.6887516152277873
76	0.7270139591360248
77	0.6253079672357147
78	0.7649628052453854
79	0.7384093774563141
80	0.7109775768960716
81	0.7036739333135638
82	0.7000996571363374
83	0.6900587629540084
84	0.710885234161019
85	0.7290750623483739
86	0.8222781225110157
87	0.8255966012511866
88	0.718655135157605
89	0.7935703404469006
90	0.8399729602638383
91	0.7151945719009776
92	0.7794548641722134
93	0.8611238738245554
94	0.7030639173247105
95	0.8864183576975649
96	0.8490306285087703
97	0.8263144659365692
98	0.7301892627116644
99	0.8880844853854971
100	0.816114014847693
101	0.732695106416988
102	0.8693638055021187
103	0.8793467310777591
104	0.8981492616847325
105	0.9360669566422783
106	0.9598918442646261
107	0.8660949155568833
108	0.9536719424663292
109	0.8839572651408569
110	0.8750632411006719
111	0.8795493540331123
112	0.8595897491659037
113	0.9248008985663451
114	0.9256752245134616
115	0.9625633771326392
116	0.871732677617409
117	0.8896210294878437
118	0.9366861837323888
119	0.9016968900223243
120	0.9473566174581026
121	0.8975460978976078
122	0.9147895931974541
123	0.9137122800150935
124	0.9560632515836924
125	0.9393718369938115
126	0.9899914669560995
127	0.9385809796695707
128	0.9745751287250235
129	1.0107934603028903
130	1.0073512457558955
131	0.9215405578886404
132	0.9323465830557713
133	0.9624650587948295
134	0.8885311237597452
135	0.8828948179310031
136	1.014963335478016
137	0.9454114327389802
138	0.9558640355038452
139	1.0507771729277073
140	0.9260316140525239
141	0.9847843432185772
142	0.9974178373364075
143	1.0048173779762566
144	1.0110700965298434
145	0.9974683889653968
146	0.9258770254216531
147	0.9692452483548057
148	1.0929192585497762
149	0.9460046300431098
150	1.0007042780146764
151	1.0266387453990422
152	0.948657958166397
153	1.0514201855727794
154	0.9646126138370156
155	1.0187979669018024
156	1.0666422542087608
157	0.9121463426032368
158	0.9867699980701209
159	0.9894434039759646
160	1.0008512157001215
161	1.034010933379205
162	0.9423051316548643
163	1.0122534049587855
164	1.0456754359428466
165	0.935013504275117
166	0.9844600101846116
167	1.0457295101380337
168	1.0220788281520305
169	0.9705483299082298
170	0.9948572994435846
171	1.0339794295039046
172	1.009480651038897
173	1.042398755902923
174	0.9810234638981508
175	0.973542729107377
176	0.964609346422747
177	0.9539805390299765
178	1.0265734551628458
179	0.9384033285801012
180	0.9429939639593165
181	0.9737193610718338
182	0.9054720684236882
183	0.935858092790179
184	0.9562594151563076
185	1.042977144856824
186	0.9343053218386058
187	0.9631685946796598
188	1.0011127609061554
189	1.0139147836698454
190	0.8433722662608507
191	0.9328437371242474
192	0.9465450740746574
193	0.9151576019929972
194	0.9792533672811689
195	0.8851945757357642
196	0.8999277285789202
197	0.9753239585815576
198	0.9664292963178988
199	0.8622931677367067
200	0.9174982663481761
201	0.9607690053157766
202	0.9880290531099603
203	0.9232920498134425
204	0.86290643457482
205	0.852346809568943
206	0.8331383894252988
207	0.9044594957938427
208	0.8441666648920102
209	0.8398841749319137
210	0.9233434309165927
211	0.843895593434213
212	0.7966358612791224
213	0.8576317952743857
214	0.8013787036363138
215	0.8506302980731625
216	0.8922605443462569
217	0.876842638749416
218	0.882262243852543
219	0.8463177468934211
220	0.8972202943489644
221	0.7401854031821634
222	0.6891925287379719
223	0.7862981019738898
224	0.7695306570946074
225	0.7768516024998834
226	0.8603393260244676
227	0.7726162065570056
228	0.766892462191812
229	0.7717128012337694
230	0.7177832300644148
231	0.7359112524158736
232	0.7518150529147672
233	0.6794024246411583
234	0.8082873943762325
235	0.779928799210162
236	0.7266373148384533
237	0.6036809835968877
238	0.6078502859900891
239	0.7371891826496562
240	0.638086426685632
241	0.6907358218276068
242	0.7680006424594622
243	0.5996371269493611
244	0.6127294008172985
245	0.6461700363890434
246	0.6525997401627646
247	0.6081568037704322
248	0.5499991862521421
249	0.5936301937365653
250	0.6580310009475819
251	0.5136462557023657
252	0.6324046564484033
253	0.6215603926540757
254	0.5933363544241825
255	0.4851028410640491
256	0.46007418149043083
257	0.4957092667630627
258	0.5591040461066092
259	0.60426200941236
260	0.5203126519586818
261	0.4954413511189755
262	0.5156853297466847
263	0.5553738991377455
264	0.4672297187619702
265	0.4176811250058968
266	0.39978079040096826
267	0.42691814815428003
268	0.5536602828112678
269	0.3738795060414325
270	0.4393084031172801
271	0.43521891229056997
272	0.4181068968022947
273	0.38819445508958283
274	0.40919459197174435
275	0.44306564995694453
276	0.43621079420705355
277	0.3186329228040873
278	0.4312951390909143
279	0.38095603028497915
280	0.2298571179502281
281	0.2751435232730433
282	0.3154012980268942
283	0.2978649166904899
284	0.3056479545379307
285	0.26101790579543704
286	0.2368283318161349
287	0.21122299199625832
288	0.20151187817139818
289	0.21924562112808466
290	0.1982165343804138
291	0.21470628625072802
292	0.14554471740773256
293	0.22853452017569695
294	0.19690746699480974
295	0.20971197226108923
296	0.14161568168622068
297	0.09513759147773687
298	0.2667572471759302
299	0.11437060837072482
300	0.1659380153130578
301	0.20732872994872154
302	0.1282586350527759
303	0.10190584265580642
304	0.1630413279644981
305	0.10888233205692605
306	0.05480615497634657
307	0.10970228348872992
308	-0.021963590723392774
309	0.07792268921763856
310	0.03738535095263724
311	0.025454213110991095
312	-0.01057807703563051
313	0.06398815621673298
314	0.000963648315146973
315	0.12306423786903956
316	0.027812570353982127
317	-0.03525198542171875
318	-0.023818079380650725
319	-0.0570526570351689
320	-0.12650903718688558
321	-0.056937777710241194
322	-0.06060101471340408
323	-0.11178592967997797
324	-0.03555155110885
325	-0.1325452895637855
326	-0.0878933269664732
327	-0.10502588304597812
328	-0.08681126717584262
329	-0.0930750481344099
330	-0.21245733799153177
331	-0.2184678730070187
332	-0.09923306376355855
333	-0.2503230864033582
334	-0.22312146079626796
335	-0.15847580631365166
336	-0.2838439008227725
337	-0.14836430218349186
338	-0.21109433935360675
339	-0.3010333677668614
340	-0.16036316612413873
341	-0.20244380821493663
342	-0.3240461878651724
343	-0.23690799422915562
344	-0.28904970062909746
345	-0.18523385962828973
346	-0.3953416403489347
347	-0.3313142383083455
348	-0.4129452878604336
349	-0.3952635892686831
350	-0.3745412376849089
351	-0.36580781562160103
352	-0.3003233454585086
353	-0.38012298429941616
354	-0.4068068563551513
355	-0.4378560528545537
356	-0.3511947589857795
357	-0.37573456216895806
358	-0.35152140828408573
359	-0.4990279360361429
360	-0.3896411257088265
361	-0.45751858454761746
362	-0.5021017924031608
363	-0.5332079394151407
364	-0.515155282865346
365	-0.4565863844529127
366	-0.5105350901131556
367	-0.4683730839095718
368	-0.4930901176012584
369	-0.5607841425112678
370	-0.5822567157452405
371	-0.5974398248850825
372	-0.5473497916350913
373	-0.5275587208675193
374	-0.5495745142110068
375	-0.663122977362169
376	-0.5518954723599491
377	-0.5765476946491422
378	-0.5922914054899426
379	-0.6571061222096343
380	-0.6901221674722134
381	-0.6152411222659679
382	-0.5695420908404365
383	-0.5442978986177368
384	-0.6807930107912866
385	-0.7104973807043435
386	-0.7491315045036142
387	-0.6517963628780187
388	-0.766486845171743
389	-0.6882645418318886
390	-0.6735996093071126
391	-0.6857762095561311
392	-0.6978093988092723
393	-0.6822189156759073
394	-0.7919678055544472
395	-0.7034270863653256
396	-0.6897685014975017
397	-0.7114873836193552
398	-0.7342635512594564
399	-0.7474063520693807
400	-0.7563850870850901
401	-0.7065621515293004
402	-0.7842740471982436
403	-0.7810683081750915
404	-0.8160537450799721
405	-0.7786857647539728
406	-0.7150710622670265
407	-0.8535339990804715
408	-0.7560714281993449
409	-0.7929554388636633
410	-0.7932293878288216
411	-0.7549251394511066
412	-0.8069602030438179
413	-0.7196366221104021
414	-0.8794427870738253
415	-0.8337544446290263
416	-0.8288662422424875
417	-0.851616568625396
418	-0.7923764934508639
419	-0.8484022915731247
420	-0.9602805698360591
421	-0.8477494322532635
422	-0.8958162828793462
423	-0.8933697808513346
424	-0.836826974513849
425	-0.959186393650555
426	-0.9021761064022158
427	-0.9233748049599144
428	-0.915842053078649
429	-0.9364363116065487
430	-0.8552422720492443
431	-0.9580382385188637
432	-0.8864587607012233
433	-1.006399699307012
434	-1.0149055411032766
435	-1.0253701858035422
436	-0.9994150131678388
437	-0.9166442631972648
438	-0.8913899140253643
439	-0.9026227629608071
440	-0.9420446813235631
441	-0.9466143150287226
442	-0.967256208699558
443	-0.8967200637234327
444	-0.8816300864811092
445	-0.9437126271068393
446	-0.9404887815954727
447	-0.992228853054117
448	-1.0401920471703379
449	-0.9785377225826468
450	-0.8937233833944875
451	-0.9946643319082641
452	-0.9476190596840802
453	-1.024999767868076
454	-1.054951989937934
455	-0.9472178381874091
456	-0.9688315742947987
457	-0.9602938007429274
458	-0.9442014641893062
459	-1.0044361214360022
460	-1.0574368847172564
461	-1.0062837214104412
462	-0.9224161937303891
463	-1.034595158409568
464	-1.0384290563334069
465	-0.9632865098390794
466	-1.0585381467881063
467	-1.0462436502716017
468	-0.9833522948969516
469	-1.1141779997110766
470	-1.0876749794776315
471	-1.0836383496483006
472	-0.9645826949471143
473	-0.8622996121853307
474	-0.9305524610100201
475	-1.0234848026438863
476	-1.0234858854675528
477	-0.939289427650825
478	-1.0498869204231274
479	-0.9565691917304793
480	-0.9531547682412137
481	-0.9876159533471977
482	-1.021815695846594
483	-0.9999374076934263
484	-1.0332242264860094
485	-0.9894612440082577
486	-0.9501497912720838
487	-1.00130725036786
488	-0.9463055835202475
489	-0.9948494233477044
490	-0.9522538535932162
491	-0.9737957511794789
492	-0.9610988165765169
493	-1.0106552061803014
494	-0.9876934087783872
495	-0.9558864866303733
496	-1.0073537147358835
497	-0.9377286845281207
498	-1.0044058705568877
499	-0.9726130358553615
500	-1.0427285829034176
501	-0.8908684540058572
502	-0.9872016867204665
503	-0.9195929451741135
504	-0.8733842835269939
505	-1.0147248432111589
506	-0.9266142648852413
507	-0.9452883870315631
508	-0.9435796287714643
509	-0.8292913632419653
510	-0.9956659521230804
511	-0.8701929960082975
512	-0.8800193591583392
513	-0.9048828894161487
514	-1.01519292254455
515	-0.9242696643622055
516	-0.843194844087639
517	-0.8879239105699581
518	-0.7971852162872788
519	-0.9436403213540194
520	-0.9164138748569267
521	-0.8112249491385382
522	-0.7896560862995071
523	-0.8829814151328881
524	-0.8888149185812269
525	-0.8365629038599394
526	-0.8302811859609268
527	-0.772900039145301
528	-0.8621544715930537
529	-0.8268986046272226
530	-0.8579161571621126
531	-0.8114683308641958
532	-0.7675278100164749
533	-0.7905204423370499
534	-0.8046329717177003
535	-0.7785435354258865
536	-0.841173793138212
537	-0.7118779684591967
538	-0.7439493217265324
539	-0.7592762826833211
540	-0.8245009445961823
541	-0.7662507698956598
542	-0.8437103675522774
543	-0.8042586333902094
544	-0.7544556173585993
545	-0.7776139944286167
546	-0.7593312203469128
547	-0.7634180195445293
548	-0.7666548275626929
549	-0.7553408693914475
550	-0.7450545871878226
551	-0.787365709901124
552	-0.7032857865290728
553	-0.7348512844994392
554	-0.6636835419401091
555	-0.6141734793957002
556	-0.6618204943308152
557	-0.5813833904827163
558	-0.7254575391574472
559	-0.6020999462721939
560	-0.6518778140469246
561	-0.5618267140711355
562	-0.5607462964756608
563	-0.5786248905329383
564	-0.6327250126073128
565	-0.6815015809397025
566	-0.5941500433475686
567	-0.6464387426194095
568	-0.5296921540033537
569	-0.5340971199862876
570	-0.5878268131910435
571	-0.5344410861397958
572	-0.5191049591526711
573	-0.495688003049048
574	-0.5657269959237166
575	-0.5274582573328641
576	-0.4863031192876775
577	-0.5538447902149503
578	-0.46802713472188734
579	-0.4171090186543462
580	-0.4205679829782479
581	-0.44032699475870035
582	-0.4711619213777068
583	-0.4579282001069248
584	-0.4431429744031847
585	-0.40870655887589524
586	-0.368878812910528
587	-0.46145593186368394
588	-0.43515215867972884
589	-0.45819103882564094
590	-0.34158498466925835
591	-0.39870092360391596
592	-0.41321404283999164
593	-0.32975151346475423
594	-0.26490243049823436
595	-0.35738459088255303
596	-0.2805294820377366
597	-0.2720036266998781
598	-0.27139353160087654
599	-0.283524612893457
600	-0.2379385637625776
601	-0.24960403221871932
602	-0.24211998399716453
603	-0.1571358747371141
604	-0.16536707138287254
605	-0.21733550675987925
606	-0.24826434200631958
607	-0.18242066905570745
608	-0.24678931191764258
609	-0.09828469512777123
610	-0.26311863674918773
611	-0.2267299583265382
612	-0.07680046944679264
613	-0.10438659104240466
614	-0.13578979353939402
615	-0.15024883697131505
616	-0.1846153350873035
617	-0.08509498622029527
618	-0.11398968376035488
619	-0.05843407677071369
620	-0.08491759259658067
621	-0.10746304495876755
622	-0.0354803973093433
623	0.04563354268262985
624	-0.030035107295348702
625	-0.029472593930682182
626	-0.010335157673851342
627	-0.10881121771014195
628	0.03274215482568688
629	0.024607476860554298
630	0.04916319605685864
631	-0.003653002509694449
632	0.01976028624384427
633	0.1159440724164893
634	0.0007065720322509267
635	0.08472066455456456
636	0.061306686120657164
637	0.1677205679890511
638	0.08145901083683119
639	0.04276546501148387
640	0.08883423415273828
641	0.10569316535442896
642	0.1459610801874088
643	0.1622324274095993
644	0.10826078984100797
645	0.19926555982387245
646	0.1946656882369669
647	0.19800495207278315
648	0.13276481900338216
649	0.2129531598369759
650	0.14671199063691365
651	0.31531398683667516
652	0.2236854386831221
653	0.25748486712698343
654	0.3203387814403545
655	0.20498701775334757
656	0.2716515930074187
657	0.2255864812702315
658	0.31866502842126054
659	0.20158298044868517
660	0.19884286800458234
661	0.28070098523307035
662	0.30043208513236275
663	0.34222579968937544
664	0.3321405743275455
665	0.3263676465880285
666	0.30946201719910965
667	0.3193733506788217
668	0.3209530565167306
669	0.42725765947007527
670	0.5316122299413333
671	0.4287681871906361
672	0.3953647829900027
673	0.4195780617973231
674	0.47232157560440924
675	0.42249863704701235
676	0.44180028173000957
677	0.4511714106642267
678	0.5890822199483946
679	0.5558720754899182
680	0.47002482420448505
681	0.47185418089525544
682	0.4818518419617765
683	0.4920557295141573
684	0.5722491154644973
685	0.5328859373963035
686	0.508824428552479
687	0.4487153455637779
688	0.5862996843826451
689	0.5562306846617713
690	0.5279010773085344
691	0.610931562135649
692	0.6751633179964917
693	0.5713447095524038
694	0.5222950231314922
695	0.5544198194794916
696	0.5800455797904545
697	0.5751009873354803
698	0.6841234733205414
699	0.5954974596707208
700	0.6707045982351811
701	0.6821304735141254
702	0.680983504227173
703	0.6321762307832528
704	0.6497798791808109
705	0.644402535099879
706	0.6859445616815759
707	0.7520067014536863
708	0.6611057662051686
709	0.6646857672851573
710	0.7200824304795049
711	0.7375136734897889
712	0.858231508294496
713	0.7174556740948038
714	0.8058087590995613
715	0.7786464635339075
716	0.7353118523841093
717	0.6385997284649174
718	0.7354305314093891
719	0.7269949181155307
720	0.8098100116361606
721	0.73220680794233
722	0.7117586394155178
723	0.8607543256839654
724	0.8080154306388555
725	0.8053724297724218
726	0.9619998519992199
727	0.8731422082378814
728	0.8022564832938257
729	0.8633986296382143
730	0.9158952360987714
731	0.8677205155654941
732	0.8747262538727618
733	0.9009680789352886
734	0.9162943501820707
735	0.9696113784757684
736	0.8745437151390214
737	0.8435932349042782
738	0.8562565843950248
739	0.8981219085005607
740	0.9336401211406973
741	0.8288110254399754
742	0.8880320518391794
743	0.8897229981718888
744	0.8915460376103035
745	0.8662932806248533
746	0.9123289481591349
747	0.9420440314764206
748	0.9983477423805919
749	0.9588629461372388
750	0.9002606709035742
751	0.9884929641229285
752	0.8239562382395709
753	0.9993525175132384
754	0.9406123076500925
755	0.9989144364268272
756	0.9734489195612649
757	0.9877704637712523
758	0.8883541797861109
759	1.0674783848043066
760	0.9394956698114058
761	0.9861399950820583
762	0.9463717851110239
763	0.884121919382066
764	0.9263839652138964
765	1.0331278938610464
766	0.9657894684434564
767	0.959972700717322
768	1.0144371666702794
769	0.9825352177354123
770	0.997574551704324
771	1.0249665332436404
772	1.0026366531623503
773	0.9936672126360909
774	1.06903069390345
775	0.9919098021772176
776	0.97794255182731
777	1.0211417240495781
778	0.9668067382167304
779	0.9736667971181524
780	0.9831167131755434
781	1.0703443099970757
782	1.0287980897036704
783	0.9470296244500697
784	1.034507345301178
785	0.9771489279217905
786	1.0343174278725582
787	0.9540804052022003
788	0.9125599529637294
789	1.0404855441763752
790	0.9903379187858992
791	1.0004426894745195
792	0.9478769820320241
793	1.0208740884576428
794	0.8729761254093121
795	0.9298929059197782
796	0.9996377981498634
797	1.0330847454531888
798	1.002657577555769
799	0.9978323813653355
800	0.9424882453187378
801	1.1289164497062414
802	1.0427470856621361
803	0.9773235482278867
804	1.0497682299927595
805	0.9668277853945935
806	1.0334394343238582
807	0.9803288213209734
808	1.0066500830135576
809	0.9064553857486022
810	0.8974824016508153
811	1.0002323490471847
812	1.0099263972149535
813	0.8910563628696329
814	0.8786752989556472
815	1.0049383777187
816	0.946292819101219
817	0.9233254659134165
818	0.9335660768278022
819	0.9709117801638334
820	0.9759958274949931
821	0.9029311723628238
822	0.9084050334007759
823	0.9216945006565676
824	0.9582750950859213
825	0.8540489088970026
826	0.9295717346957135
827	0.8870947535339079
828	0.9444778707616184
829	0.9354401935285447
830	0.8726103899789346
831	0.8094789127939122
832	0.8944045000122942
833	0.8750374115992705
834	0.8817240302746916
835	0.9045763716953619
836	0.9288825653519304
837	0.852192213675927
838	0.9066694095992677
839	0.8422508131322681
840	0.8548676185291326
841	0.8914395385028812
842	0.9768386528823225
843	0.831691809294888
844	0.8580475994134894
845	0.8081457187663467
846	0.8000069258309104
847	0.7450028657005868
848	0.7797423130621487
849	0.8335791351036416
850	0.7479988265579565
851	0.7164429065238326
852	0.7479447327266665
853	0.7995384846435433
854	0.7435575628442364
855	0.8540473295351748
856	0.7404819032741272
857	0.7074704527753508
858	0.8277484299299323
859	0.6994971347197659
860	0.707057933470903
861	0.668976770923312
862	0.7370828866546033
863	0.7785928606786392
864	0.6970750389221219
865	0.6540680745406696
866	0.6433308538073615
867	0.6184118355351773
868	0.706906444813643
869	0.6229817399557805
870	0.6274605019691366
871	0.7016728607472021
872	0.7141774126894221
873	0.6287637568122227
874	0.5711647802005018
875	0.564370789355081
876	0.6392989065281063
877	0.5506487137061371
878	0.5484199034807012
879	0.562355597642459
880	0.5410695699838513
881	0.5448401429102065
882	0.4622180047636139
883	0.5769959144592923
884	0.6228607538452186
885	0.5385456612201204
886	0.5107169351739614
887	0.5169977595210085
888	0.4816342124794112
889	0.5510133928955324
890	0.6053198109622707
891	0.5442584852368368
892	0.392704630194082
893	0.5211158778830325
894	0.4584894798505138
895	0.5477885316812312
896	0.574544358374933
897	0.4589870150308037
898	0.3948117612287198
899	0.4530421419709978
900	0.43119575456004944
901	0.3407192203005828
902	0.3558045330564972
903	0.39848442524892375
904	0.35187018941415465
905	0.43656010006217894
906	0.3200496750487899
907	0.33557172217616327
908	0.31302701387539383
909	0.31758276784480305
910	0.2996405898954791
911	0.27583884829895744
912	0.33654926820219805
913	0.2923191372802755
914	0.2592518923541002
915	0.1923331164118699
916	0.28821782820989633
917	0.28860753866162236
918	0.3395218529481216
919	0.18482783095024535
920	0.18187434030638633
921	0.2273083408916952
922	0.17060253450353347
923	0.22239237831820957
924	0.09753433404565819
925	0.12489687464838896
926	0.11742185813990139
927	0.019283942354497513
928	0.18811830256229917
929	0.12200986360032051
930	0.16478192486912313
931	0.14270821210390675
932	0.12180521084137286
933	0.10103662496407334
934	0.038000680909195915
935	0.10238888907936401
936	-0.0016450515130126964
937	0.16481964638274516
938	0.05780325897736771
939	0.06192233473037417
940	0.020827793643951042
941	-0.041350646443812006
942	-0.04449768644556185
943	-0.08901482033400678
944	-0.06358096253031587
945	-0.12363609819121574
946	-0.00645996054537825
947	-0.0604448261696552
948	-0.015133190980846915
949	-0.15937660400551695
950	-0.041165794419505915
951	-0.06237894497360809
952	-0.04855076500872642
953	-0.06566594578498064
954	-0.16281235769895863
955	-0.06915625941938584
956	-0.169360239727649
957	-0.2377797300809151
958	-0.1162027291211914
959	-0.1598456968858082
960	-0.18055441566687022
961	-0.1266327059679241
962	-0.19743316605273933
963	-0.1824724779507002
964	-0.29066920456770073
965	-0.13212885105533284
966	-0.18930366022018008
967	-0.31292976700785974
968	-0.23836417227836304
969	-0.2032606337885702
970	-0.23150314621671866
971	-0.2780044697680352
972	-0.3224944609218683
973	-0.23744117015179284
974	-0.2712368940360636
975	-0.3044008646724941
976	-0.3361977716526876
977	-0.3342833718373388
978	-0.256111228252559
979	-0.36764664360887267
980	-0.3572075499683469
981	-0.39637268559193445
982	-0.3655266253603099
983	-0.41416592859976953
984	-0.4117372235360379
985	-0.4315338171101996
986	-0.42504635334239604
987	-0.443868506766134
988	-0.45944670854953
989	-0.47236484245975124
990	-0.42396166629233706
991	-0.5617834349938701
992	-0.4235419452354044
993	-0.4640885302957182
994	-0.5244000317324983
995	-0.45479108243855276
996	-0.5596417081280727
997	-0.5555370783282291
998	-0.49924965551466044
999	-0.47450611629187195
